Scenario:0
V1: 1.049141523011283
V2: 1.0478425971243819
V3: 1.0471598777350433
V4: 1.0464862553212357
V5: 1.044816991494207
V6: 1.0445063164198276
V7: 1.0440731581702352
V8: 1.0435292774281497
V9: 1.0430214627361214
V10: 1.0429466862721344
V11: 1.042815763701779
V12: 1.042288993738401
V13: 1.042090514459774
V14: 1.0419667417412772
V15: 1.0418465864399529
V16: 0.9500555835495188
V17: 0.9500000032838173
V18: 1.0490909989894268
V19: 1.0487529032768887
V20: 0.9500697128836331
V21: 0.9500000032838173
V22: 1.0475051527390984
V23: 0.9503447349850852
V24: 0.9500000032838173
V25: 1.044642599585095
V26: 1.044413479701735
V27: 1.0433837266615626
V28: 1.0426407288873651
V29: 1.042320013280532
V30: 1.0419447387579956
V31: 0.950029544044933
V32: 0.9500000032838173
V0: 1.0500000029710728
Scenario:1
V1: 1.0491423347775424
V2: 1.0478545504738292
V3: 1.0471913994456157
V4: 1.0465341030393371
V5: 1.0449054842096106
V6: 1.0445967318457468
V7: 1.0441660012449059
V8: 1.0436158855078603
V9: 1.0431087739242373
V10: 1.0430338452011756
V11: 1.0429020511411642
V12: 1.0423594328660828
V13: 1.0421580484130826
V14: 1.0420346968584877
V15: 1.041917199194549
V16: 0.9500621934640269
V17: 0.9500000032838173
V18: 1.0490904369699676
V19: 1.0487472901807686
V20: 0.9500635692924118
V21: 0.9500000032838173
V22: 1.047505212302077
V23: 0.9503521733867469
V24: 0.9500000032838173
V25: 1.044735081506222
V26: 1.04450887303143
V27: 1.043491417765933
V28: 1.0427576364339568
V29: 1.042441873671706
V30: 1.0420946606197947
V31: 0.9500267134782235
V32: 0.9500000032838173
V0: 1.0500000029710728
